49288
47111
46096
45929
42464
42208
41975
39150
39074
36836
36721
36086
35984
35762
35590
35350
34492
34350
34005
33951
33805
33795
33706
33609
33361
31474
31325
31244
31227
30676
30494
30291
30014
29622
29312
29113
28900
28862
28732
28384
28208
27869
27822
27554
27542
27451
27387
27374
27282
27259
26957
26903
26892
26879
26623
26580
26537
26511
26454
26366
26314
26192
26149
26131
26124
25958
25781
25771
25755
25475
25376
25361
25345
25335
25221
25161
25084
25032
24988
24983
24949
24786
24667
24653
24645
24615
24533
24221
24202
24128
24109
24069
24009
23815
23631
23269
23028
22998
22989
22941
22911
22814
22806
22785
22658
22637
22629
22489
22449
22330
22300
22256
22126
22122
22064
21999
21972
21853
21751
21653
21496
21419
21407
21403
21357
21285
21273
21233
21163
21119
20992
20872
20796
20776
20586
20581
20563
20377
20331
20300
20294
20138
20133
20071
20014
19995
19984
19926
19918
19886
19882
19867
19810
19799
19782
19728
19701
19603
19597
19560
19541
19539
19474
19346
19265
19236
19113
19101
19051
19039
19015
18960
18876
18843
18821
18709
18624
18530
18528
18526
18495
18463
18439
18425
18400
18375
18167
18094
18073
18073
18056
17944
17917
17882
17877
17849
17826
17722
17715
17667
17645
17601
17591
17537
17488
17484
17463
17431
17420
17253
17163
17146
17128
17099
17089
17030
16914
16890
16884
16872
16846
16798
16787
16785
16764
16695
16628
16596
16575
16514
16476
16462
16425
16419
16399
16397
16242
16212
16163
16154
16082
16055
16051
16042
16035
15962
15841
15820
15806
15790
15728
15726
15716
15690
15646
15610
15574
15543
15529
15512
15471
15465
15451
15418
15334
15297
15294
15247
15161
15157
15136
15134
15119
15024
14951
14950
14825
14779
14756
14748
14671
14656
14572
14508
14483
14420
14386
14321
14285
14283
14236
14232
14221
14143
14128
14120
14062
14060
14049
14008
13981
13913
13863
13856
13794
13730
13655
13613
13542
13518
13514
13509
13493
13423
13326
13309
13276
13252
13154
13106
13100
13082
13068
13060
13043
13023
13016
12985
12958
12894
12886
12879
12803
12648
12627
12605
12588
12576
12546
12500
12497
12476
12373
12373
12316
12290
12232
12218
12146
12091
12086
12035
12002
11984
11972
11927
11876
11806
11794
11792
11777
11776
11746
11680
11640
11638
11636
11623
11622
11609
11576
11575
11564
11466
11439
11349
11317
11313
11242
11239
11182
11112
11094
11082
11073
11063
11059
11047
11003
10998
10990
10972
10952
10935
10932
10892
10839
10820
10799
10795
10788
10785
10745
10687
10683
10680
10661
10644
10573
10536
10495
10477
10464
10387
10364
10350
10340
10326
10301
10275
10269
10194
10175
10153
10136
10093
10044
10028
9944
9924
9920
9889
9830
9754
9740
9718
9718
9673
9661
9629
9601
9571
9568
9561
9504
9493
9484
9458
9441
9430
9405
9393
9373
9350
9332
9327
9266
9265
9248
9230
9202
9191
9181
9121
9095
9088
9086
9055
9030
9013
8987
8977
8966
8955
8917
8916
8877
8766
8724
8721
8720
8676
8675
8662
8653
8617
8589
8579
8570
8543
8542
8525
8524
8515
8445
8353
8281
8248
8131
8129
8088
8052
8013
8007
7968
7949
7937
7903
7871
7818
7796
7718
7671
7632
7627
7600
7563
7536
7521
7473
7450
7439
7400
7374
7352
7343
7312
7279
7264
7230
7176
7131
7121
7119
7104
7090
7003
6890
6887
6861
6851
6809
6798
6764
6759
6641
6640
6632
6629
6562
6548
6453
6440
6434
6364
6350
6312
6269
6160
6138
6114
6087
6064
5962
5950
5939
5857
5801
5749
5715
5676
5622
5615
5556
5556
5473
5292
5229
5095
4853
4593
4553
4364
4347
4309
4160
4000
3791
3707
3245
2986
2928
2900
2868
2599
2051
1912
1657
622
9
