85743
79784
79775
79405
78583
74533
71397
68843
67198
66486
64124
63878
63788
63026
62873
62861
61784
61282
61040
60458
60092
60076
59845
59812
59244
59047
58637
58161
58122
57833
57452
57086
57068
55921
55868
54913
54671
54258
53948
53791
53702
53003
52447
52097
51496
51394
51109
50979
50668
50272
49967
49504
49454
49113
49077
48956
48767
48169
48109
47858
47792
47726
47648
47458
47379
47358
47116
47020
46972
46723
46668
46604
46594
46449
46237
45984
45830
45820
45470
45464
45403
45376
45348
45270
45003
45001
44992
44968
44946
44854
44787
44592
44568
44299
44222
44116
43967
43962
43850
43792
43510
43454
43423
43314
43271
43255
42922
42851
42794
42777
42717
42715
42705
42684
42425
42355
42247
42108
42032
41956
41897
41787
41759
41721
41506
41440
41430
41369
41333
41289
41177
40910
40696
40575
40465
40330
40242
40230
40081
40073
40060
40053
40013
39931
39784
39741
39348
39239
39202
39123
38839
38721
38686
38513
38481
38449
38428
38413
38377
38314
38297
38170
38128
38030
37968
37738
37733
37732
37710
37677
37618
37489
37340
37283
37203
37042
36962
36939
36784
36747
36673
36587
36352
36339
36168
36131
36012
36010
35919
35862
35851
35851
35802
35796
35771
35601
35594
35482
35434
35390
35345
35274
35216
35088
35024
34879
34856
34848
34789
34780
34696
34670
34590
34523
34487
34483
34427
34418
34277
34242
34156
34149
34149
34124
34002
33980
33834
33752
33592
33576
33226
33188
33167
33081
32967
32956
32935
32913
32910
32655
32638
32624
32542
32494
32404
32375
32359
32246
32053
32040
31969
31911
31830
31768
31546
31508
31505
31440
31289
31283
31265
31234
31187
31079
31008
30973
30967
30897
30827
30795
30650
30644
30503
30395
30339
30320
30246
30182
30181
29948
29723
29706
29601
29485
29482
29438
29385
29190
29163
29143
29090
29088
28847
28745
28505
28425
28415
28391
28341
28335
28282
28268
28236
28200
28154
28153
28079
27959
27837
27836
27816
27674
27639
27599
27565
27480
27435
27394
27272
27266
27200
27173
27165
27155
27053
26897
26863
26851
26697
26521
26491
26486
26448
26422
26358
26355
26321
26281
26256
26224
26172
26162
26157
25925
25917
25910
25833
25802
25791
25720
25666
25558
25523
25514
25416
25385
25369
25235
25136
25099
25059
24980
24948
24871
24792
24761
24596
24581
24565
24462
24453
24415
24397
24359
24299
24291
24273
24271
24265
24248
24222
24183
24170
24145
24120
24091
24040
24035
24009
24001
23990
23868
23758
23593
23439
23389
23383
23230
23100
23089
23058
23033
23017
22936
22910
22866
22695
22669
22582
22514
22514
22353
22304
22302
22276
22257
22204
22190
22171
22087
22057
21990
21887
21781
21759
21726
21624
21565
21519
21402
21378
21307
21284
21257
21256
21222
21189
21129
21049
20947
20829
20754
20733
20629
20615
20597
20537
20505
20389
20338
20309
20285
20066
20058
20032
20001
19953
19907
19872
19824
19741
19619
19540
19523
19521
19444
19306
19275
19234
19231
19186
19162
19149
19093
19058
19055
18888
18844
18843
18773
18751
18680
18662
18642
18585
18494
18331
18226
18164
18152
18007
17991
17967
17948
17889
17851
17832
17792
17785
17565
17530
17442
17440
17289
17283
17275
17114
17104
17034
16919
16919
16832
16763
16758
16717
16710
16701
16696
16589
16579
16526
16506
16395
16358
16339
16286
16140
16101
16093
16027
15899
15861
15815
15735
15704
15701
15515
15449
15362
15322
15312
15242
15185
15133
15101
15042
14791
14750
14735
14718
14718
14658
14472
14433
14117
14036
13853
13847
13836
13762
13689
13595
13579
13489
13227
13200
13185
13002
12941
12921
12671
12646
12489
12284
12141
11842
11733
11448
10996
10904
10272
10248
10009
10002
9813
9207
8632
8624
7469
7351
6829
6803
6643
6524
5299
4860
4790
3807
1444
23
