13443
13159
11751
10295
10172
9888
9443
9100
9084
8954
8929
8859
8776
8577
8515
8491
8306
8074
7831
7762
7607
7603
7546
7514
7412
7401
7339
7318
7294
7246
7242
7225
7166
6904
6849
6841
6818
6776
6693
6629
6591
6584
6581
6563
6498
6458
6397
6390
6388
6386
6385
6261
6253
6209
6186
6176
6174
6163
6094
6082
6029
6026
6015
5993
5993
5943
5930
5923
5919
5885
5864
5819
5797
5768
5701
5691
5682
5671
5633
5590
5578
5576
5573
5566
5542
5503
5367
5356
5329
5309
5303
5302
5290
5286
5251
5251
5248
5235
5235
5234
5195
5185
5172
5161
5150
5125
5102
5064
5043
4991
4985
4974
4974
4963
4960
4958
4958
4931
4890
4884
4883
4856
4854
4852
4851
4841
4840
4821
4808
4807
4806
4767
4735
4730
4723
4706
4705
4702
4687
4645
4644
4636
4630
4624
4604
4601
4598
4585
4561
4526
4504
4492
4489
4489
4466
4455
4443
4414
4378
4349
4328
4293
4230
4229
4222
4177
4168
4122
4121
4118
4115
4065
4039
4038
4037
4022
4001
3999
3991
3990
3982
3965
3932
3931
3923
3884
3883
3883
3869
3848
3843
3840
3796
3783
3783
3760
3747
3742
3723
3684
3670
3636
3633
3591
3586
3582
3573
3571
3537
3499
3497
3489
3483
3450
3439
3430
3416
3409
3402
3345
3333
3315
3314
3303
3287
3262
3254
3228
3209
3191
3189
3125
3125
3105
3089
3071
3059
3057
3052
3023
2993
2992
2981
2957
2931
2926
2916
2908
2905
2891
2867
2849
2838
2829
2828
2803
2801
2796
2770
2758
2733
2682
2680
2633
2586
2551
2490
2474
2465
2436
2403
2400
2398
2384
2379
2353
2339
2336
2313
2312
2309
2284
2272
2263
2248
2229
2224
2207
2204
2189
2171
2096
2036
2030
2022
1981
1935
1905
1889
1857
1847
1827
1769
1756
1739
1738
1723
1713
1678
1674
1665
1646
1627
1590
1560
1551
1542
1542
1535
1529
1520
1514
1503
1479
1477
1461
1455
1449
1436
1415
1399
1389
1367
1312
1302
1284
1217
1199
1188
1155
1135
1132
1102
1096
1076
1069
964
962
936
925
897
877
844
835
835
786
751
737
728
716
713
681
673
669
618
613
567
560
560
552
540
484
482
480
472
434
406
392
315
240
236
195
9
6
