60042
57576
57273
54044
52669
50546
50375
48888
48074
47926
47611
47310
45786
45650
44130
44049
42704
42066
40861
40194
40126
39844
39470
39013
38719
38669
38169
38104
37977
37448
37222
37017
36710
36689
35902
35865
35835
35813
35723
35686
35394
35258
35021
34807
34692
34679
34283
34014
33818
33670
33139
32755
32708
32589
32502
32172
31766
31698
31466
31356
31229
30882
30795
30699
30696
30687
30686
30599
30597
30577
30537
30520
30512
30382
30238
30218
30184
30026
29998
29926
29890
29877
29599
29559
29437
29343
29176
29029
28994
28904
28658
28381
28317
28144
28128
28064
27823
27681
27651
27500
27494
27270
27215
27173
27154
26994
26961
26936
26806
26784
26781
26748
26689
26567
26484
26466
26358
26231
26187
26098
26019
25995
25954
25919
25867
25720
25697
25568
25541
25535
25500
25349
25295
25287
25204
25088
24979
24728
24623
24581
24497
24404
24318
24266
24193
24141
23941
23884
23795
23521
23491
23365
23122
23088
23023
23001
22882
22812
22739
22716
22606
22531
22526
22486
22270
22253
22248
22205
22120
22057
22036
22007
21990
21946
21891
21844
21719
21380
21338
21175
21106
21033
21022
21000
20689
20687
20663
20600
20259
20135
20112
20007
19980
19852
19749
19689
19570
19478
19392
19387
19246
19117
19114
19041
19014
19012
18911
18802
18566
18555
18536
18519
18466
18405
18335
18208
18199
18169
18130
17935
17788
17738
17657
17638
17602
17594
17543
17511
17494
17324
17176
17155
17108
17059
16851
16824
16816
16786
16734
16706
16597
16594
16585
16577
16568
16477
16366
16206
16200
16141
16131
16044
15976
15906
15866
15863
15842
15800
15797
15728
15704
15684
15657
15649
15634
15524
15411
15397
15337
15295
15249
15160
15140
15027
15005
14908
14857
14687
14433
14403
14358
14306
14231
14219
14186
14169
14129
14110
13982
13838
13703
13634
13610
13572
13562
13553
13524
13470
13461
13284
13276
13160
13052
13042
13003
12934
12928
12878
12858
12832
12675
12663
12489
12421
12414
12281
12262
12186
12182
11915
11895
11876
11786
11641
11522
11484
11483
11369
11267
11125
11044
11025
10928
10871
10847
10711
10708
10697
10629
10628
10544
10414
10373
10333
10331
10253
10233
10164
10068
9985
9905
9901
9868
9786
9648
9604
9537
9251
9204
9154
8680
8518
8454
8428
8359
8048
7785
7712
7507
6901
6683
6649
6196
6152
6140
6091
5236
4801
4098
2143
1269
85
41
11
