25966
22342
22130
21927
21788
20368
20024
19242
18931
18898
18589
18500
18479
17440
16008
15869
15797
15682
15658
15621
15579
15561
15466
15366
15296
15243
15175
15143
15070
14852
14818
14440
14421
14408
14390
14144
14133
14096
14051
14033
14021
13962
13878
13803
13801
13759
13735
13687
13641
13633
13478
13373
13290
13242
13179
13111
13068
13068
13063
12944
12725
12721
12668
12621
12572
12520
12497
12497
12436
12429
12319
12286
12206
12133
12058
12021
12007
11849
11813
11811
11801
11795
11647
11606
11567
11565
11513
11497
11471
11461
11341
11280
11232
11175
11123
11120
11100
10989
10975
10968
10950
10948
10936
10923
10891
10860
10838
10825
10783
10713
10686
10672
10636
10547
10492
10465
10449
10337
10267
10261
10250
10227
10222
10217
10186
10181
10156
10106
10098
10097
10054
9985
9974
9922
9880
9846
9835
9830
9813
9806
9802
9775
9761
9752
9721
9713
9712
9707
9661
9635
9631
9609
9583
9568
9545
9526
9494
9452
9438
9434
9425
9400
9400
9400
9350
9336
9314
9287
9286
9251
9246
9243
9224
9172
9164
9160
9148
9117
9116
9046
9039
8979
8949
8912
8853
8821
8814
8812
8811
8807
8804
8786
8692
8683
8669
8585
8585
8558
8533
8529
8507
8496
8493
8493
8490
8460
8458
8445
8432
8431
8429
8426
8393
8384
8371
8339
8312
8307
8240
8185
8129
8106
8081
8072
8046
8018
8001
7967
7957
7945
7942
7906
7905
7855
7811
7809
7796
7713
7709
7697
7693
7678
7662
7656
7650
7629
7608
7584
7580
7579
7543
7528
7508
7504
7500
7497
7442
7379
7379
7363
7284
7281
7266
7154
7117
7117
7065
7043
7040
7039
7005
6984
6954
6951
6903
6901
6865
6841
6822
6803
6786
6775
6748
6622
6619
6558
6558
6510
6462
6461
6454
6449
6444
6424
6378
6345
6321
6284
6238
6202
6149
6145
6137
6069
6033
6018
6012
6000
5990
5919
5881
5847
5814
5776
5756
5743
5725
5678
5661
5589
5540
5463
5435
5432
5410
5397
5295
5294
5257
5251
5247
5232
5215
5184
5177
5167
4964
4916
4839
4773
4700
4672
4595
4582
4566
4552
4534
4506
4496
4483
4442
4440
4414
4401
4391
4365
4365
4237
4232
4194
4185
4112
3990
3937
3899
3811
3778
3763
3649
3649
3566
3558
3492
3245
3179
3146
2985
2939
2861
2763
2441
2298
721
9
