33339
33067
31255
30739
29276
28702
27814
26513
26359
26032
25935
25905
25807
25579
24152
23888
23427
22828
22793
22620
22447
22356
22230
21855
21430
20975
20843
20823
20639
20602
20566
20312
20216
20174
20167
20112
19973
19951
19597
19531
19529
19502
19369
19291
19268
19208
19013
18628
18377
18302
18271
18172
17919
17808
17662
17642
17563
17501
17481
17470
17434
17430
17409
17395
17384
17326
17289
16997
16992
16867
16760
16697
16671
16665
16571
16483
16471
16411
16393
16328
16286
16285
16245
16239
16044
16042
15949
15944
15900
15821
15759
15707
15692
15631
15464
15440
15386
15352
15294
15254
15245
15220
15181
15137
14874
14849
14812
14682
14678
14607
14588
14552
14550
14522
14499
14466
14462
14393
14381
14291
14289
14244
14237
14177
14164
14140
14134
14046
14035
13971
13962
13883
13839
13804
13769
13648
13634
13565
13396
13317
13251
13192
13152
13042
12981
12979
12977
12804
12766
12737
12708
12692
12623
12618
12598
12597
12510
12439
12431
12410
12407
12394
12370
12341
12292
12292
12223
12054
11989
11935
11933
11917
11884
11870
11786
11765
11755
11685
11667
11603
11381
11321
11297
11290
11249
11187
11160
11074
11052
11039
11009
11006
10993
10961
10937
10922
10761
10652
10521
10510
10501
10462
10461
10452
10445
10426
10362
10322
10317
10295
10289
10225
10105
10081
10047
9998
9910
9903
9884
9837
9737
9735
9718
9645
9581
9524
9496
9479
9390
9375
9365
9344
9333
9307
9260
9256
9243
9202
9116
9116
9110
8994
8983
8963
8951
8922
8825
8801
8761
8757
8751
8745
8715
8688
8631
8620
8567
8557
8554
8541
8491
8489
8436
8413
8395
8380
8370
8362
8352
8345
8313
8299
8197
8118
8055
7992
7974
7911
7911
7890
7831
7810
7714
7678
7662
7647
7615
7600
7591
7578
7570
7569
7537
7532
7510
7475
7415
7368
7313
7257
7255
7242
7143
7120
7071
7024
6999
6955
6949
6935
6917
6912
6892
6882
6876
6854
6822
6729
6700
6638
6612
6450
6408
6374
6322
6174
6113
6095
6045
6003
5966
5901
5895
5889
5876
5873
5823
5789
5788
5759
5750
5750
5725
5683
5573
5530
5509
5504
5487
5484
5447
5421
5381
5373
5365
5318
5203
5041
4939
4891
4732
4668
4664
4640
4510
4320
4263
4254
4058
3674
3650
3502
3431
3384
3335
3207
2885
2493
2326
1078
663
28
10
5
