14165
14104
13405
11846
11511
10834
10701
10400
9451
9184
8651
8302
8297
8151
7932
7922
7891
7836
7796
7675
7607
7455
7237
7181
7150
7130
7090
7042
7008
6899
6763
6724
6695
6649
6627
6596
6538
6482
6279
6247
6240
6220
6195
6178
6158
6084
6044
6018
6003
5951
5951
5872
5789
5763
5616
5600
5596
5592
5578
5567
5515
5478
5462
5451
5437
5414
5402
5331
5322
5275
5259
5241
5189
5142
5127
5108
5092
5069
5047
5043
5018
5011
5006
4908
4840
4834
4822
4791
4778
4767
4728
4705
4681
4650
4638
4603
4584
4566
4531
4486
4485
4478
4455
4452
4426
4386
4280
4276
4250
4215
4205
4205
4186
4153
4139
4130
4125
4113
4075
4060
4057
4038
4014
3982
3921
3915
3905
3861
3847
3834
3807
3768
3733
3731
3722
3716
3688
3677
3672
3653
3628
3615
3571
3547
3536
3531
3530
3516
3507
3498
3494
3493
3491
3461
3438
3424
3402
3373
3319
3313
3305
3293
3288
3283
3242
3240
3234
3186
3156
3131
3116
3114
3106
3091
3090
3056
3053
3038
3031
3030
2957
2913
2904
2897
2894
2888
2856
2813
2811
2786
2776
2762
2759
2741
2739
2737
2721
2709
2663
2662
2645
2625
2609
2584
2562
2558
2546
2529
2516
2514
2503
2492
2435
2417
2414
2400
2376
2363
2357
2354
2352
2321
2302
2290
2263
2215
2211
2199
2186
2185
2165
2156
2150
2147
2141
2137
2132
2119
2117
2101
2096
2094
2014
1991
1969
1943
1940
1897
1877
1846
1838
1827
1813
1804
1754
1712
1688
1684
1626
1600
1599
1569
1557
1514
1500
1450
1447
1433
1400
1395
1389
1387
1379
1366
1353
1282
1269
1261
1168
1154
1114
1023
1001
995
995
982
924
922
908
864
781
752
728
701
675
664
660
591
551
520
497
472
467
462
455
427
339
310
281
210
190
128
123
122
94
88
72
51
4
4
